0001101011001110
0001111011101110
0001111111101110
0011100001010110
0011100001100111
0011100001110101
0011101011101111
0011110011101000
0011110111101000
0011111011101110
0011111111001111
0011111111011101
0011111111101110
0011111111111100
0100101110101001
0100101110111011
0100101110111111
0101100111000010
0101101010110111
0101111011110110
0101111111110110
0110100111011110
0110100111111111
0110101110011110
0110101110111011
0110101110111111
0110110011011111
0110110111011111
0110111010011011
0110111110011111
0110111110111011
0110111111111110
0111011010101000
0111011101111100
0111011111001111
0111011111011101
0111011111101110
0111011111111100
0111101110010110
0111101110110111
0111110111010111
0111111011110110
0111111110010111
0111111111110110
1001110111000010
1001111011101111
1001111111001110
1001111111111101
1001111111111111
1010111000011100
1011111011101011
1011111111001010
1011111111111011
1100110111011111
1100110111111111
1100111100011111
1100111100111111
1100111110111011
1101110101110111
1101110110111011
1101110111010010
1101110111010110
1101110111110011
1101110111110110
1101111010010110
1101111110010110
1101111111111101
1110110111011110
1110111100011110
1110111100111110
1110111110011110
1111111101101111
1111111110010110
