0001000100011111
0001000100111110
0001000100111111
0001000101001010
0001000101001011
0001000101001110
0001000101001111
0001000101011010
0001000101011011
0001000101011110
0001000101011111
0001000101101010
0001000101101011
0001000101101110
0001000101101111
0001000101111010
0001000101111011
0001000101111110
0001000101111111
0001000111000011
0001000111000110
0001000111000111
0001000111001110
0001000111001111
0001000111010010
0001000111010011
0001000111010110
0001000111010111
0001000111011110
0001000111011111
0001000111100010
0001000111100011
0001000111100110
0001000111100111
0001000111101110
0001000111101111
0001000111110010
0001000111110011
0001000111110110
0001000111110111
0001000111111110
0001000111111111
0001001000111100
0001001000111101
0001001000111110
0001001000111111
0001001001011011
0001001001011100
0001001001011101
0001001001011110
0001001001011111
0001001001111011
0001001001111100
0001001001111101
0001001001111110
0001001001111111
0001001010000101
0001001010000110
0001001010000111
0001001010001101
0001001010001110
0001001010001111
0001001010010101
0001001010010110
0001001010010111
0001001010011100
0001001010011101
0001001010011110
0001001010011111
0001001010100101
0001001010100111
0001001010101100
0001001010101101
0001001010101110
0001001010101111
0001001010110111
0001001010111100
0001001010111101
0001001010111110
0001001010111111
0001001011001101
0001001011001110
0001001011001111
0001001011011101
0001001011011110
0001001011011111
0001001011101101
0001001011101111
0001001011111111
0001001100111100
0001001100111101
0001001100111110
0001001100111111
0001001101011010
0001001101011011
0001001101011110
0001001101011111
0001001101101010
0001001101101011
0001001101101100
0001001101101101
0001001101101110
0001001101101111
0001001101111010
0001001101111011
0001001101111100
0001001101111101
0001001101111110
0001001101111111
0001001110000101
0001001110000110
0001001110000111
0001001110001101
0001001110001110
0001001110001111
0001001110010100
0001001110010101
0001001110010110
0001001110010111
0001001110011100
0001001110011101
0001001110011110
0001001110011111
0001001110100100
0001001110100101
0001001110100110
0001001110100111
0001001110101100
0001001110101101
0001001110101110
0001001110101111
0001001110110100
0001001110110101
0001001110110110
0001001110110111
0001001110111100
0001001110111101
0001001110111110
0001001110111111
0001001111000010
0001001111000011
0001001111000101
0001001111000110
0001001111000111
0001001111001010
0001001111001011
0001001111001101
0001001111001110
0001001111001111
0001001111010010
0001001111010011
0001001111010100
0001001111010101
0001001111010110
0001001111010111
0001001111011010
0001001111011011
0001001111011100
0001001111011101
0001001111011110
0001001111011111
0001001111100010
0001001111100011
0001001111100100
0001001111100101
0001001111100110
0001001111100111
0001001111101010
0001001111101011
0001001111101100
0001001111101101
0001001111101110
0001001111101111
0001001111110010
0001001111110011
0001001111110100
0001001111110101
0001001111110110
0001001111110111
0001001111111010
0001001111111011
0001001111111100
0001001111111101
0001001111111110
0001001111111111
0001010100111110
0001010100111111
0001010101101010
0001010101101011
0001010101101110
0001010101101111
0001010101111010
0001010101111011
0001010101111110
0001010101111111
0001010110000110
0001010110000111
0001010110001110
0001010110001111
0001010110010110
0001010110010111
0001010110011110
0001010110011111
0001010110100110
0001010110100111
0001010110101110
0001010110101111
0001010110110110
0001010110110111
0001010110111110
0001010110111111
0001010111000010
0001010111000011
0001010111000110
0001010111000111
0001010111001010
0001010111001011
0001010111001110
0001010111001111
0001010111010010
0001010111010011
0001010111010110
0001010111010111
0001010111011010
0001010111011011
0001010111011110
0001010111011111
0001010111100010
0001010111100011
0001010111100110
0001010111100111
0001010111101010
0001010111101011
0001010111101110
0001010111101111
0001010111110010
0001010111110011
0001010111110110
0001010111110111
0001010111111010
0001010111111011
0001010111111110
0001010111111111
0001011001111010
0001011001111011
0001011001111100
0001011001111101
0001011001111110
0001011001111111
0001011010000101
0001011010000110
0001011010000111
0001011010001101
0001011010001110
0001011010001111
0001011010010100
0001011010010101
0001011010010110
0001011010010111
0001011010011100
0001011010011101
0001011010011110
0001011010011111
0001011010100101
0001011010100110
0001011010100111
0001011010101100
0001011010101101
0001011010101110
0001011010101111
0001011010110100
0001011010110101
0001011010110110
0001011010110111
0001011010111100
0001011010111101
0001011010111110
0001011010111111
0001011011000011
0001011011000101
0001011011000110
0001011011000111
0001011011001010
0001011011001011
0001011011001100
0001011011001101
0001011011001110
0001011011001111
0001011011010011
0001011011010100
0001011011010101
0001011011010110
0001011011010111
0001011011011010
0001011011011011
0001011011011100
0001011011011101
0001011011011110
0001011011011111
0001011011100011
0001011011100100
0001011011100101
0001011011100110
0001011011100111
0001011011101010
0001011011101011
0001011011101100
0001011011101101
0001011011101110
0001011011101111
0001011011110011
0001011011110100
0001011011110101
0001011011110110
0001011011110111
0001011011111010
0001011011111011
0001011011111100
0001011011111101
0001011011111110
0001011011111111
0001011101111010
0001011101111011
0001011101111110
0001011101111111
0001011110000110
0001011110000111
0001011110001101
0001011110001110
0001011110001111
0001011110010100
0001011110010101
0001011110010110
0001011110010111
0001011110011100
0001011110011101
0001011110011110
0001011110011111
0001011110100101
0001011110100110
0001011110100111
0001011110101100
0001011110101101
0001011110101110
0001011110101111
0001011110110100
0001011110110101
0001011110110110
0001011110110111
0001011110111100
0001011110111101
0001011110111110
0001011110111111
0001011111000010
0001011111000011
0001011111000101
0001011111000110
0001011111000111
0001011111001010
0001011111001011
0001011111001100
0001011111001101
0001011111001110
0001011111001111
0001011111010010
0001011111010011
0001011111010100
0001011111010101
0001011111010110
0001011111010111
0001011111011010
0001011111011011
0001011111011100
0001011111011101
0001011111011110
0001011111011111
0001011111100010
0001011111100011
0001011111100101
0001011111100110
0001011111100111
0001011111101010
0001011111101011
0001011111101100
0001011111101101
0001011111101110
0001011111101111
0001011111110010
0001011111110011
0001011111110100
0001011111110101
0001011111110110
0001011111110111
0001011111111010
0001011111111011
0001011111111100
0001011111111101
0001011111111110
0001011111111111
0001100011000110
0001100011000111
0001100011001110
0001100011001111
0001100011010110
0001100011010111
0001100011011110
0001100011011111
0001100011100110
0001100011100111
0001100011101110
0001100011101111
0001100011110110
0001100011110111
0001100011111110
0001100011111111
0001100110010110
0001100110010111
0001100110011110
0001100110011111
0001100110100110
0001100110100111
0001100110101110
0001100110101111
0001100110110110
0001100110110111
0001100110111110
0001100110111111
0001100111000011
0001100111000110
0001100111000111
0001100111001010
0001100111001011
0001100111001110
0001100111001111
0001100111010011
0001100111010110
0001100111010111
0001100111011010
0001100111011011
0001100111011110
0001100111011111
0001100111100011
0001100111100110
0001100111100111
0001100111101010
0001100111101011
0001100111101110
0001100111101111
0001100111110011
0001100111110110
0001100111110111
0001100111111010
0001100111111011
0001100111111110
0001100111111111
0001101010100101
0001101010100110
0001101010100111
0001101010101100
0001101010101101
0001101010101110
0001101010101111
0001101010110101
0001101010110110
0001101010110111
0001101010111100
0001101010111101
0001101010111110
0001101010111111
0001101011000011
0001101011000110
0001101011000111
0001101011001010
0001101011001011
0001101011001110
0001101011001111
0001101011010011
0001101011010101
0001101011010110
0001101011010111
0001101011011010
0001101011011011
0001101011011100
0001101011011101
0001101011011110
0001101011011111
0001101011100011
0001101011100101
0001101011100110
0001101011100111
0001101011101010
0001101011101011
0001101011101100
0001101011101101
0001101011101110
0001101011101111
0001101011110011
0001101011110101
0001101011110110
0001101011110111
0001101011111010
0001101011111011
0001101011111100
0001101011111101
0001101011111110
0001101011111111
0001101110100101
0001101110100110
0001101110100111
0001101110101100
0001101110101101
0001101110101110
0001101110101111
0001101110110101
0001101110110110
0001101110110111
0001101110111100
0001101110111101
0001101110111110
0001101110111111
0001101111010011
0001101111010110
0001101111010111
0001101111011010
0001101111011011
0001101111011110
0001101111011111
0001101111100011
0001101111100101
0001101111100110
0001101111100111
0001101111101010
0001101111101011
0001101111101100
0001101111101101
0001101111101110
0001101111101111
0001101111110011
0001101111110101
0001101111110110
0001101111110111
0001101111111010
0001101111111011
0001101111111100
0001101111111101
0001101111111110
0001101111111111
0001110010100110
0001110010100111
0001110010101110
0001110010101111
0001110010110110
0001110010110111
0001110010111110
0001110010111111
0001110011100011
0001110011100110
0001110011100111
0001110011101010
0001110011101011
0001110011101110
0001110011101111
0001110011110011
0001110011110110
0001110011110111
0001110011111010
0001110011111011
0001110011111110
0001110011111111
0001110110110110
0001110110110111
0001110110111110
0001110110111111
0001110111100011
0001110111100110
0001110111100111
0001110111101010
0001110111101011
0001110111101110
0001110111101111
0001110111110011
0001110111110110
0001110111110111
0001110111111010
0001110111111011
0001110111111110
0001110111111111
0001111011100011
0001111011100110
0001111011100111
0001111011101010
0001111011101011
0001111011101110
0001111011101111
0001111011110011
0001111011110101
0001111011110110
0001111011110111
0001111011111010
0001111011111011
0001111011111100
0001111011111101
0001111011111110
0001111011111111
0001111111110011
0001111111110110
0001111111110111
0001111111111010
0001111111111011
0001111111111110
0001111111111111
0011001100111100
0011001100111101
0011001100111110
0011001100111111
0011001101011001
0011001101011010
0011001101011011
0011001101011100
0011001101011101
0011001101011110
0011001101011111
0011001101101001
0011001101101011
0011001101101100
0011001101101101
0011001101101110
0011001101101111
0011001101111011
0011001101111100
0011001101111101
0011001101111110
0011001101111111
0011001111001101
0011001111001110
0011001111001111
0011001111011101
0011001111011110
0011001111011111
0011001111101101
0011001111101111
0011001111111111
0011010100111100
0011010100111101
0011010100111110
0011010100111111
0011010101011001
0011010101011010
0011010101011011
0011010101011100
0011010101011101
0011010101011110
0011010101011111
0011010101101001
0011010101101010
0011010101101011
0011010101101100
0011010101101101
0011010101101110
0011010101101111
0011010101111001
0011010101111010
0011010101111011
0011010101111100
0011010101111101
0011010101111110
0011010101111111
0011010110010110
0011010110010111
0011010110011110
0011010110011111
0011010110100110
0011010110100111
0011010110101100
0011010110101101
0011010110101110
0011010110101111
0011010110110110
0011010110110111
0011010110111100
0011010110111101
0011010110111110
0011010110111111
0011010111000011
0011010111000110
0011010111000111
0011010111001010
0011010111001011
0011010111001101
0011010111001110
0011010111001111
0011010111010011
0011010111010110
0011010111010111
0011010111011001
0011010111011010
0011010111011011
0011010111011100
0011010111011101
0011010111011110
0011010111011111
0011010111100011
0011010111100110
0011010111100111
0011010111101001
0011010111101010
0011010111101011
0011010111101100
0011010111101101
0011010111101110
0011010111101111
0011010111110011
0011010111110110
0011010111110111
0011010111111001
0011010111111010
0011010111111011
0011010111111100
0011010111111101
0011010111111110
0011010111111111
0011011100111100
0011011100111101
0011011100111110
0011011100111111
0011011101011001
0011011101011010
0011011101011011
0011011101011100
0011011101011101
0011011101011110
0011011101011111
0011011101101001
0011011101101010
0011011101101011
0011011101101101
0011011101101110
0011011101101111
0011011101111001
0011011101111010
0011011101111011
0011011101111100
0011011101111101
0011011101111110
0011011101111111
0011011110011100
0011011110011101
0011011110011110
0011011110011111
0011011110101101
0011011110101110
0011011110101111
0011011110111100
0011011110111101
0011011110111110
0011011110111111
0011011111001101
0011011111001110
0011011111001111
0011011111011101
0011011111011110
0011011111011111
0011011111101101
0011011111101111
0011011111111111
0011100101010011
0011100101010110
0011100101010111
0011100101011110
0011100101011111
0011100101100011
0011100101100101
0011100101100110
0011100101100111
0011100101101001
0011100101101010
0011100101101011
0011100101101101
0011100101101110
0011100101101111
0011100101110011
0011100101110101
0011100101110110
0011100101110111
0011100101111001
0011100101111010
0011100101111011
0011100101111100
0011100101111101
0011100101111110
0011100101111111
0011100111000110
0011100111000111
0011100111001110
0011100111001111
0011100111010011
0011100111010101
0011100111010111
0011100111011001
0011100111011010
0011100111011011
0011100111011100
0011100111011101
0011100111011110
0011100111011111
0011100111100011
0011100111100101
0011100111100111
0011100111101001
0011100111101011
0011100111101101
0011100111101110
0011100111101111
0011100111110011
0011100111110101
0011100111110111
0011100111111001
0011100111111010
0011100111111011
0011100111111100
0011100111111101
0011100111111110
0011100111111111
0011101100110101
0011101100110111
0011101100111100
0011101100111101
0011101100111110
0011101100111111
0011101101100101
0011101101100111
0011101101101001
0011101101101010
0011101101101011
0011101101101101
0011101101101110
0011101101101111
0011101101110111
0011101101111001
0011101101111010
0011101101111011
0011101101111100
0011101101111101
0011101101111110
0011101101111111
0011101110011110
0011101110011111
0011101110101101
0011101110101110
0011101110101111
0011101110111100
0011101110111101
0011101110111110
0011101110111111
0011101111001110
0011101111001111
0011101111011101
0011101111011110
0011101111011111
0011101111101101
0011101111101111
0011101111111111
0011110000110101
0011110000110111
0011110000111100
0011110000111101
0011110000111110
0011110000111111
0011110001100101
0011110001100111
0011110001101001
0011110001101011
0011110001101101
0011110001101110
0011110001101111
0011110001110111
0011110001111001
0011110001111011
0011110001111100
0011110001111101
0011110001111110
0011110001111111
0011110010101101
0011110010101110
0011110010101111
0011110010111100
0011110010111101
0011110010111110
0011110010111111
0011110011001111
0011110011011101
0011110011011110
0011110011011111
0011110011101101
0011110011101111
0011110011111111
0011110100110101
0011110100110111
0011110100111101
0011110100111110
0011110100111111
0011110101100011
0011110101100101
0011110101100111
0011110101101001
0011110101101010
0011110101101011
0011110101101101
0011110101101110
0011110101101111
0011110101110011
0011110101110101
0011110101110111
0011110101111001
0011110101111010
0011110101111011
0011110101111100
0011110101111101
0011110101111110
0011110101111111
0011110110100101
0011110110100111
0011110110101101
0011110110101110
0011110110101111
0011110110110101
0011110110110111
0011110110111100
0011110110111101
0011110110111110
0011110110111111
0011110111000111
0011110111001111
0011110111010011
0011110111010101
0011110111010111
0011110111011001
0011110111011010
0011110111011011
0011110111011101
0011110111011110
0011110111011111
0011110111100011
0011110111100101
0011110111100111
0011110111101001
0011110111101011
0011110111101101
0011110111101110
0011110111101111
0011110111110011
0011110111110101
0011110111110111
0011110111111001
0011110111111010
0011110111111011
0011110111111100
0011110111111101
0011110111111110
0011110111111111
0011111100110101
0011111100110111
0011111100111101
0011111100111110
0011111100111111
0011111101100101
0011111101100111
0011111101101001
0011111101101010
0011111101101011
0011111101101101
0011111101101110
0011111101101111
0011111101110111
0011111101111001
0011111101111010
0011111101111011
0011111101111101
0011111101111110
0011111101111111
0011111110011110
0011111110011111
0011111110101101
0011111110101110
0011111110101111
0011111110111101
0011111110111110
0011111110111111
0011111111001111
0011111111011101
0011111111011110
0011111111011111
0011111111101101
0011111111101111
0011111111111111
0111010100111001
0111010100111011
0111010100111110
0111010100111111
0111010101101001
0111010101101011
0111010101101101
0111010101101110
0111010101101111
0111010101111001
0111010101111011
0111010101111101
0111010101111110
0111010101111111
0111010110100111
0111010110101001
0111010110101011
0111010110101101
0111010110101110
0111010110101111
0111010110110111
0111010110111001
0111010110111011
0111010110111101
0111010110111110
0111010110111111
0111010111010111
0111010111011011
0111010111011110
0111010111011111
0111010111100111
0111010111101001
0111010111101011
0111010111101101
0111010111101110
0111010111101111
0111010111110111
0111010111111001
0111010111111011
0111010111111101
0111010111111110
0111010111111111
0111011101111001
0111011101111011
0111011101111110
0111011101111111
0111011110101001
0111011110101011
0111011110101101
0111011110101111
0111011110111011
0111011110111101
0111011110111110
0111011110111111
0111011111011101
0111011111011110
0111011111011111
0111011111101101
0111011111101111
0111011111111111
0111101111011110
0111101111011111
0111101111101101
0111101111101111
0111101111111111
0111110010101001
0111110010101011
0111110010101111
0111110010111011
0111110010111101
0111110010111111
0111110011101101
0111110011101111
0111110011111111
0111110110111011
0111110110111111
0111110111101011
0111110111101111
0111110111111101
0111110111111111
0111111111111111
1001010100111111
1001010101101011
1001010101101111
1001010101111011
1001010101111111
1001010111100011
1001010111100111
1001010111101111
1001010111110011
1001010111110111
1001010111111111
1001011001111011
1001011001111101
1001011001111111
1001011010100101
1001011010100111
1001011010101101
1001011010101111
1001011010110111
1001011010111101
1001011010111111
1001011011101101
1001011011101111
1001011011111111
1001011101111011
1001011101111111
1001011110100111
1001011110101101
1001011110101111
1001011110110101
1001011110110111
1001011110111101
1001011110111111
1001011111100011
1001011111100111
1001011111101011
1001011111101101
1001011111101111
1001011111110011
1001011111110101
1001011111110111
1001011111111011
1001011111111101
1001011111111111
1001110011100111
1001110011101111
1001110011110111
1001110011111111
1001110110110111
1001110110111111
1001110111100111
1001110111101011
1001110111101111
1001110111110111
1001110111111011
1001110111111111
1001111011100111
1001111011101011
1001111011101111
1001111011110111
1001111011111011
1001111011111101
1001111011111111
1001111111110111
1001111111111011
1001111111111111
1011011101111011
1011011101111101
1011011101111111
1011011111101101
1011011111101111
1011011111111111
1011110101110111
1011110101111111
1011110111100111
1011110111101111
1011110111111011
1011110111111101
1011110111111111
1011111110111111
1011111111101111
1011111111111111
1111111111111111
