0001010101011010
0001010101011011
0001010101101110
0001010101111010
0001010101111011
0001010111001110
0001010111011010
0001010111011011
0001011100111100
0001011110111100
0001101001010101
0001101001110101
0001101011000110
0001101011010101
0001101101000111
0001101101010101
0001101101110101
0001101111000111
0001101111010101
0001110000011110
0001110000011111
0001110000110111
0001110001010111
0001110001101010
0001110010011110
0001110010011111
0001110010100110
0001110010110111
0001110101001011
0001110101001110
0001110101010110
0001110101101011
0001110110010110
0001110110110110
0001111000010110
0001111000011100
0001111000110110
0001111001000111
0001111001100101
0001111010011100
0001111011000101
0001111011101110
0001111011101111
0001111100010110
0001111100011100
0001111100110110
0001111110011100
0001111111101110
0011010101001011
0011010101101000
0011010101101011
0011010101101110
0011010111001011
0011010111001110
0011011100011100
0011011110011100
0011100001010110
0011100001100101
0011100001111000
0011100001111001
0011100011101010
0011100011101100
0011100011101101
0011100011111000
0011100011111001
0011100101001010
0011100101111000
0011100111101010
0011100111101100
0011100111111000
0011101001111111
0011101011011111
0011101011111111
0011101101000101
0011101101100101
0011101101111110
0011101101111111
0011101111000101
0011101111011110
0011101111011111
0011101111111110
0011101111111111
0011110000010111
0011110010010111
0011110011101000
0011110011101001
0011110101001110
0011110101010110
0011110110010110
0011110111101000
0011111000010110
0011111001100101
0011111001111011
0011111001111100
0011111011000101
0011111011011011
0011111011101110
0011111011101111
0011111011111011
0011111011111100
0011111100010110
0011111101111010
0011111101111011
0011111101111100
0011111111011010
0011111111011011
0011111111101110
0011111111111010
0011111111111011
0011111111111100
0100010100111011
0100010101011010
0100010101011110
0100010101111010
0100010101111110
0100010110011011
0100010111011010
0100010111011110
0100011100011011
0100011100011110
0100011101011001
0100011101101001
0100011110011110
0100011111101001
0100100101001011
0100100101001111
0100100101100111
0100100110100011
0100100111001011
0100100111001111
0100100111100111
0100101000111001
0100101001010101
0100101001110101
0100101011010101
0100101100011101
0100101100110101
0100101101000011
0100101101001001
0100101101100011
0100101110010101
0100101110111011
0100101110111111
0100101111001001
0100110111000011
0100110111100011
0100111000011101
0100111000111101
0100111001010101
0100111001110101
0100111011010101
0100111101000011
0100111101001001
0100111101100011
0100111110111011
0100111111001001
0101010100011010
0101010100011011
0101010101001010
0101010101001110
0101011000011101
0101011000111000
0101011000111101
0101011011111011
0101011011111110
0101011011111111
0101011100011100
0101011110011100
0101011111101010
0101011111101110
0101100101000111
0101100111000010
0101100111000111
0101100111111011
0101100111111110
0101100111111111
0101101000010101
0101101001000101
0101101010110111
0101101011101101
0101101100010101
0101101110100010
0101101110101000
0101101110110111
0101101111110011
0101101111110110
0101101111111001
0101101111111100
0101110011111011
0101110011111110
0101110011111111
0101110101000011
0101110101100011
0101110110111010
0101110110111011
0101111001000101
0101111010100010
0101111010101000
0101111011101101
0101111011110011
0101111011110110
0101111011111001
0101111011111100
0101111111110011
0101111111110110
0101111111111001
0101111111111100
0110010100011110
0110010100111000
0110010100111011
0110010100111110
0110010110011011
0110010110011110
0110011101001001
0110011111001001
0110100101000111
0110100101111011
0110100101111111
0110100110111100
0110100111111111
0110101100011101
0110101100110101
0110101101000011
0110101101111110
0110101110010101
0110101110111011
0110101110111111
0110101111011110
0110101111111110
0110110001111000
0110110010111001
0110110011111000
0110110110111000
0110110111000011
0110111000010101
0110111000110101
0110111001111011
0110111001111111
0110111010010101
0110111011011011
0110111011011111
0110111011111011
0110111011111111
0110111101000011
0110111101111010
0110111101111110
0110111110111011
0110111111011010
0110111111011110
0110111111111010
0110111111111110
0111010100011010
0111010100011011
0111010101001010
0111010101001110
0111011010101000
0111011010101001
0111011010101100
0111011011011011
0111011011011110
0111011011011111
0111011011111011
0111011011111110
0111011011111111
0111011101111000
0111011101111001
0111011101111100
0111011111101010
0111011111101110
0111011111111000
0111011111111001
0111011111111100
0111101100010101
0111101100111110
0111101100111111
0111101101101001
0111101101101110
0111101110011110
0111101110011111
0111101110110111
0111101111001110
0111110000111110
0111110000111111
0111110001101000
0111110001110111
0111110010100011
0111110010100110
0111110011011011
0111110011011110
0111110011011111
0111110011110111
0111111000111011
0111111001000101
0111111001101011
0111111001101111
0111111010011011
0111111010100010
0111111011001011
0111111011001111
0111111011010011
0111111011010110
0111111011011001
0111111011011100
0111111011110011
0111111011110110
0111111100111010
0111111100111011
0111111101101001
0111111101101010
0111111101101110
0111111110011010
0111111110011011
0111111111001010
0111111111001110
0111111111010011
0111111111010110
0111111111011001
0111111111011100
0111111111110011
0111111111110110
1001010101001011
1001010101101011
1001010101101110
1001010111001011
1001010111001110
1001011100111100
1001110000011110
1001110000011111
1001110000110111
1001110001010010
1001110001010111
1001110100010110
1001110100110110
1001111000011100
1001111001000111
1001111001100101
1001111001111011
1001111011000101
1001111011011011
1001111011101110
1001111011101111
1001111011111011
1001111100011100
1001111101111010
1001111101111011
1001111111011010
1001111111011011
1001111111101110
1001111111111010
1001111111111011
1010110000010110
1010110001110011
1010110001110110
1010110011010010
1010110011010011
1010110011010110
1010111001010010
1010111001011000
1010111001110010
1010111011011000
1011011100011100
1011011101011010
1011011101011011
1011011101111011
1011110000010111
1011110001101001
1011110001101010
1011110001110010
1011110100010110
1011110101101000
1011111101001011
1011111101101011
1011111111001011
1100110101000011
1100110101100011
1100111000010101
1100111000110101
1100111001111011
1100111001111111
1100111010010101
1100111011011011
1100111011011111
1100111011111011
1100111011111111
1100111101001001
1100111101111010
1100111101111110
1100111110111011
1100111111010011
1100111111011010
1100111111011110
1100111111110011
1100111111111010
1100111111111110
1101110110111010
1101110110111011
1101110111010010
1101110111010011
1101110111010110
1101110111110010
1101110111110011
1101110111110110
1101111000111011
1101111001000101
1101111001101011
1101111001101111
1101111001110110
1101111001111100
1101111010010110
1101111011001111
1101111011101101
1101111100111010
1101111100111011
1101111101101010
1101111101101110
1101111101110011
1101111101110110
1101111101111001
1101111101111100
1101111110010110
1101111110011010
1101111110011011
1101111111001010
1101111111001110
1101111111111001
1101111111111100
1110110100111000
1110110101011010
1110110101011110
1110110111011110
1110111100011110
1110111100111110
1110111110011110
1111111100111010
1111111100111011
1111111101010110
1111111101011001
1111111101011100
1111111101101001
1111111101101110
1111111101110110
1111111110010110
1111111111001110
