0001010101001010
0001101001000101
0001101011101110
0001101011101111
0001101111101110
0001110000010110
0001111001101110
0001111011001110
0001111011101010
0001111011101011
0001111011101100
0001111111101010
0001111111101100
0011011101111000
0011011101111001
0011011111101010
0011011111101100
0011011111111000
0011011111111001
0011100001101000
0011101001101111
0011101011001111
0011101101001011
0011101101101011
0011101101101110
0011101111001011
0011101111001110
0011101111011100
0011111001101011
0011111001101110
0011111011001011
0011111011001110
0011111101101001
0011111101101010
0011111101101100
0011111111001010
0011111111011001
0100010100011010
0100100101000011
0100100110111011
0100100110111111
0100101000010101
0100101010111011
0100101010111111
0100101100111011
0100101110011011
0100101110110011
0100101110111010
0100101110111110
0100111010111011
0100111110110011
0100111110111010
0101011011101101
0101011011111001
0101011011111100
0101011101111000
0101011111101100
0101011111111000
0101100110110111
0101100111110011
0101100111110110
0101110011110011
0101110011110110
0101110110110011
0101110111010010
0101110111110010
0110100100111111
0110100110110111
0110100111011110
0110101100111011
0110101100111110
0110101110011011
0110101110011110
0110101110110011
0110110000111111
0110110001110111
0110110011011111
0110110011110111
0110111000011110
0110111000111011
0110111000111110
0110111010011011
0110111010011110
0110111011110011
0110111100111010
0110111110011010
0110111110110011
0111011001111000
0111011001111001
0111011001111100
0111011011001111
0111011011011001
0111011011011100
0111011101011000
0111011101101000
0111011101101100
0111011111011000
0111101110010110
0111110001110011
0111110001110110
0111110011010011
0111110011010110
0111110111010010
0111111110010011
1001111001101011
1001111001101110
1001111011001011
1001111011001110
1001111011101100
1001111101101010
1001111111001010
1001111111101100
1011011101011001
1011011101101001
1011111001001011
1011111101001001
1011111101001010
1011111111001001
1100110110110011
1100110110111010
1100110111010010
1100110111010110
1100110111110010
1100110111110110
1100111000011110
1100111000111011
1100111000111110
1100111001110011
1100111010011011
1100111010011110
1100111100111010
1100111101110110
1100111110010011
1100111110010110
1100111110011010
1101110101010010
1101110101110010
1101110110010010
1101110110010011
1101111001101001
1101111101101100
1110110101010110
1110110110010110
1110111100010110
1110111100011010
1110111100110110
