0001010100011110
0001010100011111
0001010100111110
0001010100111111
0001010110011110
0001010110011111
0001010110101110
0001010110101111
0001010110111110
0001010110111111
0001101001010110
0001101001110110
0001101101010110
0001101101110110
0001110001011010
0001110001011011
0001110001100111
0001110011011010
0001110011011011
0001110011101110
0001110011101111
0001110101000111
0001110101011110
0001110101011111
0001110101100111
0001110111000110
0001110111000111
0001110111011110
0001110111011111
0001110111111110
0001110111111111
0001111000010101
0001111000011110
0001111000011111
0001111000110101
0001111000111110
0001111000111111
0001111001010111
0001111001110111
0001111010010101
0001111010011110
0001111010011111
0001111010100101
0001111010101110
0001111010101111
0001111010110101
0001111010111110
0001111010111111
0001111011100110
0001111011110111
0001111100010101
0001111100011110
0001111100011111
0001111100110101
0001111100111110
0001111100111111
0001111101010111
0001111101110111
0001111110010101
0001111110011110
0001111110011111
0001111110100101
0001111110101110
0001111110101111
0001111110110101
0001111110111110
0001111110111111
0001111111100110
0001111111110111
0011010100011110
0011010100011111
0011010100111100
0011010100111101
0011010100111110
0011010100111111
0011010110011110
0011010110011111
0011010110101100
0011010110101101
0011010110101110
0011010110101111
0011010110111100
0011010110111101
0011010110111110
0011010110111111
0011100001011010
0011100001011011
0011100001110111
0011100011011010
0011100011011011
0011100011100110
0011100011110111
0011100101000111
0011100101011110
0011100101011111
0011100101110111
0011100111000110
0011100111000111
0011100111011110
0011100111011111
0011100111100110
0011100111110111
0011101011010110
0011101011110110
0011101111010110
0011101111110110
0011110000110101
0011110000111100
0011110000111101
0011110001011010
0011110001011011
0011110010100101
0011110010101100
0011110010101101
0011110010110101
0011110010111100
0011110010111101
0011110011011010
0011110011011011
0011110011100111
0011110100110101
0011110100111100
0011110100111101
0011110101000111
0011110101011110
0011110101011111
0011110110100101
0011110110101100
0011110110101101
0011110110110101
0011110110111100
0011110110111101
0011110111000110
0011110111000111
0011110111011110
0011110111011111
0011110111100111
0011111000010101
0011111000011110
0011111000011111
0011111000110101
0011111000111110
0011111000111111
0011111001110111
0011111010010101
0011111010011110
0011111010011111
0011111010100101
0011111010101110
0011111010101111
0011111010110101
0011111010111110
0011111010111111
0011111011010111
0011111011100110
0011111011110111
0011111100010101
0011111100011110
0011111100011111
0011111100110101
0011111100111110
0011111100111111
0011111101110111
0011111110010101
0011111110011110
0011111110011111
0011111110100101
0011111110101110
0011111110101111
0011111110110101
0011111110111110
0011111110111111
0011111111010111
0011111111100110
0011111111110111
0100010101001011
0100010101001111
0100010101101011
0100010101101111
0100010110101011
0100010110101111
0100010111001011
0100010111001111
0100010111101011
0100010111101111
0100011100011101
0100011100111001
0100011100111101
0100011101011011
0100011101011111
0100011101111011
0100011101111111
0100011110011101
0100011111111011
0100011111111111
0100101001011001
0100101011011001
0100101101000101
0100101101001011
0100101101001111
0100101101011101
0100101101100101
0100101101101011
0100101101101111
0100101110100101
0100101110101011
0100101110101111
0100101110111001
0100101111000101
0100101111001011
0100101111001111
0100101111011101
0100101111100101
0100101111101011
0100101111101111
0100101111111101
0100111001011001
0100111011011001
0100111101000101
0100111101001011
0100111101001111
0100111101011101
0100111101100101
0100111101101011
0100111101101111
0100111110100101
0100111110101011
0100111110101111
0100111110111001
0100111111000101
0100111111001011
0100111111001111
0100111111011101
0100111111100101
0100111111101011
0100111111101111
0100111111111101
0101010101011010
0101010101011011
0101010101011110
0101010101011111
0101010101111010
0101010101111011
0101010101111110
0101010101111111
0101010110101010
0101010110101011
0101010110101110
0101010110101111
0101010111011010
0101010111011011
0101010111011110
0101010111011111
0101010111111010
0101010111111011
0101010111111110
0101010111111111
0101011000011010
0101011000011011
0101011010011010
0101011010011011
0101011100011110
0101011100011111
0101011110011110
0101011110011111
0101100101001010
0101100101001110
0101100101101010
0101100101101110
0101101000011100
0101101000111000
0101101000111100
0101101001010101
0101101001011011
0101101001011110
0101101001011111
0101101001110101
0101101001111011
0101101001111110
0101101001111111
0101101010100101
0101101010101110
0101101010101111
0101101011011110
0101101011011111
0101101011111111
0101101100011100
0101101100111000
0101101100111100
0101101101000111
0101101101010101
0101101101011010
0101101101011011
0101101101011110
0101101101011111
0101101101110101
0101101101111010
0101101101111011
0101101101111110
0101101101111111
0101101110100101
0101101110101010
0101101110101011
0101101110101110
0101101110101111
0101101111000110
0101101111000111
0101101111010101
0101101111011010
0101101111011011
0101101111011110
0101101111011111
0101101111110101
0101101111111010
0101101111111011
0101101111111110
0101101111111111
0101110001101011
0101110001101111
0101110101001011
0101110101001111
0101110101101011
0101110101101111
0101111000011101
0101111000111001
0101111000111101
0101111001000011
0101111001010101
0101111001011010
0101111001011011
0101111001011110
0101111001011111
0101111001110101
0101111001111010
0101111001111011
0101111001111110
0101111001111111
0101111010100101
0101111010101010
0101111010101011
0101111010101110
0101111010101111
0101111011000010
0101111011000011
0101111011010101
0101111011011010
0101111011011011
0101111011011110
0101111011011111
0101111011110101
0101111011111010
0101111011111011
0101111011111110
0101111011111111
0101111100011101
0101111100111001
0101111100111101
0101111101000111
0101111101010101
0101111101011010
0101111101011011
0101111101011110
0101111101011111
0101111101110101
0101111101111010
0101111101111011
0101111101111110
0101111101111111
0101111110100101
0101111110101010
0101111110101011
0101111110101110
0101111110101111
0101111111000110
0101111111000111
0101111111010101
0101111111011010
0101111111011011
0101111111011110
0101111111011111
0101111111110101
0101111111111010
0101111111111011
0101111111111110
0101111111111111
0110010101001011
0110010101001111
0110010101101001
0110010101101011
0110010101101101
0110010101101111
0110010110101001
0110010110101011
0110010110101101
0110010110101111
0110010111001011
0110010111001111
0110010111101001
0110010111101011
0110010111101101
0110010111101111
0110011100011100
0110011100011101
0110011101111000
0110011101111011
0110011101111100
0110011101111111
0110011110011100
0110011110011101
0110011110111001
0110011110111101
0110011111011011
0110011111011111
0110011111111000
0110011111111011
0110011111111100
0110011111111111
0110100101100101
0110100101101001
0110100101101101
0110100110100101
0110100110101101
0110100111101101
0110101101000101
0110101101001011
0110101101001111
0110101101011100
0110101101011101
0110101101100101
0110101101101011
0110101101101111
0110101110100101
0110101110101011
0110101110101111
0110101111000101
0110101111001011
0110101111001111
0110101111011100
0110101111011101
0110101111100101
0110101111101011
0110101111101111
0110110101100101
0110110101101001
0110110101101101
0110110110100101
0110110110101001
0110110110101101
0110110111100101
0110110111101001
0110110111101101
0110111001011000
0110111001011001
0110111011011000
0110111011011001
0110111101000101
0110111101001011
0110111101001111
0110111101011100
0110111101011101
0110111101100101
0110111101101011
0110111101101111
0110111110100101
0110111110101011
0110111110101111
0110111111000101
0110111111001011
0110111111001111
0110111111011100
0110111111011101
0110111111100101
0110111111101011
0110111111101111
0111010101011010
0111010101011011
0111010101011110
0111010101011111
0111010101111000
0111010101111001
0111010101111010
0111010101111011
0111010101111100
0111010101111101
0111010101111110
0111010101111111
0111010110101000
0111010110101001
0111010110101010
0111010110101011
0111010110101100
0111010110101101
0111010110101110
0111010110101111
0111010111011010
0111010111011011
0111010111011110
0111010111011111
0111010111111000
0111010111111001
0111010111111010
0111010111111011
0111010111111100
0111010111111101
0111010111111110
0111010111111111
0111011000011010
0111011000011011
0111011010011010
0111011010011011
0111011100011110
0111011100011111
0111011100111000
0111011100111001
0111011100111110
0111011100111111
0111011110011110
0111011110011111
0111101101000111
0111101101010101
0111101101011010
0111101101011011
0111101101011110
0111101101011111
0111101101100111
0111101101110101
0111101101111011
0111101101111110
0111101101111111
0111101110011100
0111101110100101
0111101110101110
0111101110101111
0111101110111100
0111101111011110
0111101111011111
0111101111111111
0111110001100111
0111110001110101
0111110001111000
0111110001111001
0111110001111100
0111110001111101
0111110010100101
0111110010101000
0111110010101001
0111110010101100
0111110010101101
0111110011101011
0111110011101110
0111110011101111
0111110011110101
0111110011111000
0111110011111001
0111110011111100
0111110011111101
0111110101110101
0111110101111000
0111110101111001
0111110101111100
0111110101111101
0111110110100101
0111110110101000
0111110110101001
0111110110101100
0111110110101101
0111110111001011
0111110111001111
0111110111101011
0111110111101111
0111110111110101
0111110111111000
0111110111111001
0111110111111100
0111110111111101
0111111001000011
0111111001010101
0111111001011010
0111111001011011
0111111001011110
0111111001011111
0111111001110101
0111111001111010
0111111001111011
0111111001111110
0111111001111111
0111111010011101
0111111010100101
0111111010101010
0111111010101011
0111111010101110
0111111010101111
0111111010111001
0111111010111101
0111111011000010
0111111011000011
0111111011010101
0111111011011010
0111111011011011
0111111011011110
0111111011011111
0111111011110101
0111111011111010
0111111011111011
0111111011111110
0111111011111111
0111111101000111
0111111101010101
0111111101011010
0111111101011011
0111111101011110
0111111101011111
0111111101100111
0111111101110101
0111111101111010
0111111101111011
0111111101111110
0111111101111111
0111111110011101
0111111110100101
0111111110101010
0111111110101011
0111111110101110
0111111110101111
0111111110111000
0111111110111001
0111111110111101
0111111111000110
0111111111000111
0111111111010101
0111111111011010
0111111111011011
0111111111011110
0111111111011111
0111111111110101
0111111111111010
0111111111111011
0111111111111110
0111111111111111
1001010100011110
1001010100011111
1001010100111110
1001010100111111
1001010110011110
1001010110011111
1001010110101110
1001010110101111
1001010110111110
1001010110111111
1001110001100011
1001110001100111
1001110001111010
1001110001111011
1001110011100010
1001110011100011
1001110011101110
1001110011101111
1001110011111010
1001110011111011
1001110101000011
1001110101000111
1001110101100011
1001110101100111
1001110101111110
1001110101111111
1001110111010010
1001110111010011
1001110111011110
1001110111011111
1001110111100110
1001110111100111
1001110111110010
1001110111110011
1001110111111110
1001110111111111
1001111000010101
1001111000011110
1001111000011111
1001111000110101
1001111000111110
1001111000111111
1001111001010011
1001111001010111
1001111001110011
1001111001110111
1001111010010101
1001111010011110
1001111010011111
1001111010100101
1001111010101110
1001111010101111
1001111010110101
1001111010111110
1001111010111111
1001111100010101
1001111100011110
1001111100011111
1001111100110101
1001111100111110
1001111100111111
1001111101010011
1001111101010111
1001111101110011
1001111101110111
1001111110010101
1001111110011110
1001111110011111
1001111110100101
1001111110101110
1001111110101111
1001111110110101
1001111110111110
1001111110111111
1010010100011110
1010010100011111
1010010100111100
1010010100111101
1010010100111110
1010010100111111
1010010101001011
1010010101001111
1010010101011010
1010010101011011
1010010101011110
1010010101011111
1010010101101001
1010010101101011
1010010101101101
1010010101101111
1010010101111011
1010010101111100
1010010101111101
1010010101111110
1010010101111111
1010010110011110
1010010110011111
1010010110111100
1010010110111101
1010010110111110
1010010110111111
1010010111001111
1010010111011110
1010010111011111
1010010111101101
1010010111101111
1010010111111111
1010011111000011
1010011111000101
1010011111000111
1010011111010010
1010011111010011
1010011111010101
1010011111010110
1010011111010111
1010011111100011
1010011111100101
1010011111100111
1010011111110010
1010011111110011
1010011111110101
1010011111110110
1010011111110111
1010110000110101
1010110000111100
1010110000111101
1010110001110101
1010110001111000
1010110001111001
1010110001111100
1010110001111101
1010110010110101
1010110010111100
1010110010111101
1010110011110101
1010110011111000
1010110011111001
1010110011111100
1010110011111101
1010110100110101
1010110100111100
1010110100111101
1010110101100101
1010110101101001
1010110101101101
1010110101110101
1010110101111000
1010110101111001
1010110101111100
1010110101111101
1010110110110101
1010110110111100
1010110110111101
1010110111100101
1010110111101001
1010110111101101
1010110111110101
1010110111111000
1010110111111001
1010110111111100
1010110111111101
1010111000010101
1010111000011110
1010111000011111
1010111000110101
1010111000111110
1010111000111111
1010111001010101
1010111001011010
1010111001011011
1010111001011110
1010111001011111
1010111001110101
1010111001111010
1010111001111011
1010111001111110
1010111001111111
1010111010010101
1010111010011110
1010111010011111
1010111010110101
1010111010111110
1010111010111111
1010111011010101
1010111011011010
1010111011011011
1010111011011110
1010111011011111
1010111011110101
1010111011111010
1010111011111011
1010111011111110
1010111011111111
1010111100010101
1010111100011110
1010111100011111
1010111100110101
1010111100111110
1010111100111111
1010111101000101
1010111101001011
1010111101001111
1010111101010101
1010111101011010
1010111101011011
1010111101011110
1010111101011111
1010111101100101
1010111101101011
1010111101101111
1010111101110101
1010111101111010
1010111101111011
1010111101111110
1010111101111111
1010111110010101
1010111110011110
1010111110011111
1010111110110101
1010111110111110
1010111110111111
1010111111000101
1010111111001011
1010111111001111
1010111111010101
1010111111011010
1010111111011011
1010111111011110
1010111111011111
1010111111100101
1010111111101011
1010111111101111
1010111111110101
1010111111111010
1010111111111011
1010111111111110
1010111111111111
1011110000110101
1011110000111100
1011110000111101
1011110001100011
1011110001111010
1011110001111011
1011110010100101
1011110010101100
1011110010101101
1011110010110101
1011110010111100
1011110010111101
1011110011100010
1011110011100011
1011110011100111
1011110011111010
1011110011111011
1011110100110101
1011110100111100
1011110100111101
1011110101100111
1011110101111110
1011110101111111
1011110110100101
1011110110101100
1011110110101101
1011110110110101
1011110110111100
1011110110111101
1011110111000011
1011110111000111
1011110111100011
1011110111100110
1011110111100111
1011110111111110
1011110111111111
1011111000010101
1011111000011110
1011111000011111
1011111000110101
1011111000111110
1011111000111111
1011111010010101
1011111010011110
1011111010011111
1011111010100101
1011111010101110
1011111010101111
1011111010110101
1011111010111110
1011111010111111
1011111011010011
1011111011010111
1011111011110011
1011111011110111
1011111100010101
1011111100011110
1011111100011111
1011111100110101
1011111100111110
1011111100111111
1011111101000011
1011111101100011
1011111110010101
1011111110011110
1011111110011111
1011111110100101
1011111110101110
1011111110101111
1011111110110101
1011111110111110
1011111110111111
1011111111010010
1011111111010011
1011111111010111
1011111111110010
1011111111110011
1011111111110111
1100111001111001
1100111011111001
1100111101000101
1100111101001011
1100111101001111
1100111101100101
1100111101101011
1100111101101111
1100111101111101
1100111110100101
1100111110101011
1100111110101111
1100111110111001
1100111111000101
1100111111001011
1100111111001111
1100111111011101
1100111111100101
1100111111101011
1100111111101111
1100111111111101
1101110101001011
1101110101001111
1101110101101011
1101110101101111
1101110111000010
1101110111000110
1101110111001011
1101110111001111
1101111000011101
1101111000111001
1101111000111101
1101111001010101
1101111001011010
1101111001011011
1101111001011110
1101111001011111
1101111001110101
1101111001111011
1101111001111110
1101111001111111
1101111010011101
1101111010100101
1101111010101110
1101111010101111
1101111011011110
1101111011011111
1101111011111111
1101111100011101
1101111100111001
1101111100111101
1101111101010101
1101111101011010
1101111101011011
1101111101011110
1101111101011111
1101111101100111
1101111101110101
1101111101111010
1101111101111011
1101111101111110
1101111101111111
1101111110011101
1101111110100101
1101111110101010
1101111110101011
1101111110101110
1101111110101111
1101111111010101
1101111111011010
1101111111011011
1101111111011110
1101111111011111
1101111111100010
1101111111100110
1101111111100111
1101111111110101
1101111111111010
1101111111111011
1101111111111110
1101111111111111
1110110101100101
1110110101101001
1110110101101101
1110110110100101
1110110110101101
1110110111101101
1110111100011100
1110111101000101
1110111101001011
1110111101001111
1110111101100101
1110111101101011
1110111101101111
1110111101111000
1110111101111100
1110111101111101
1110111110011100
1110111110100101
1110111110101011
1110111110101111
1110111111000101
1110111111001011
1110111111001111
1110111111100101
1110111111101011
1110111111101111
1110111111111000
1110111111111100
1110111111111101
1111111100011101
1111111101000111
1111111101010101
1111111101011010
1111111101011011
1111111101011110
1111111101011111
1111111101100111
1111111101110101
1111111101111011
1111111101111110
1111111101111111
1111111110011101
1111111110100101
1111111110101110
1111111110101111
1111111110111101
1111111111011110
1111111111011111
1111111111111111
