0001101001101110
0001101011001110
0001101011100110
0001101011101100
0001110001101110
0001110010101110
0001110011100110
0001110011101010
0001111001101010
0001111001101100
0001111010100110
0001111010101100
0001111011000110
0001111011001010
0011010101111000
0011011101011000
0011011101101000
0011100001010111
0011100001100111
0011100001110101
0011100001110110
0011100101001011
0011101001001011
0011101101001001
0011101101001010
0100100100111011
0100100110101011
0100100110110011
0100100110111010
0100101000111011
0100101010011011
0100101010110011
0100101010111001
0100101100111001
0100101100111010
0100101110010011
0100101110011010
0100101110100011
0100101110101001
0101011001111000
0101011100111000
0101011101101000
0101100111010010
0101110011010010
0101110110010010
0101110111000010
0110010101111000
0110011100111000
0110011101011000
0110110000011110
0110111000011010
0110111000011100
0111010100111000
0111010101101000
0111011000111000
0111011001011000
1001110011010010
1001110101010010
1001110111000010
1010110000011110
1010111000010110
1010111000011100
1100110101010010
1100110110010010
1100111000010110
1100111000011010
